0.01 0.00735352
0.03 0.000805298
0.05 0.000282378
0.07 0.000139008
0.09 8.05327e-05
0.11 5.1338e-05
0.13 3.48641e-05
0.15 2.4778e-05
0.17 1.8234e-05
0.19 1.37997e-05
0.21 1.06914e-05
0.23 8.45155e-06
0.25 6.79955e-06
0.27 5.55618e-06
0.29 4.60323e-06
0.31 3.86066e-06
0.33 3.2731e-06
0.35 2.8015e-06
0.37 2.41788e-06
0.39 2.10192e-06
0.41 1.83866e-06
0.43 1.61699e-06
0.45 1.42852e-06
0.47 1.26687e-06
0.49 1.12715e-06
0.51 1.00554e-06
0.53 8.99062e-07
0.55 8.0534e-07
0.57 7.22475e-07
0.59 6.48925e-07
0.61 5.8343e-07
0.63 5.24949e-07
0.65 4.7261e-07
0.67 4.2568e-07
0.69 3.83535e-07
0.71 3.4564e-07
0.73 3.11531e-07
0.75 2.80807e-07
0.77 2.53114e-07
0.79 2.28143e-07
0.81 2.05618e-07
0.83 1.85296e-07
0.85 1.66958e-07
0.87 1.50411e-07
0.89 1.35479e-07
0.91 1.22005e-07
0.93 1.0985e-07
0.95 9.88842e-08
0.97 8.8994e-08
0.99 8.00753e-08
1.01 7.20345e-08
1.03 6.47867e-08
1.05 5.82552e-08
1.07 5.23706e-08
1.09 4.70702e-08
1.11 4.22971e-08
1.13 3.8e-08
1.15 3.41323e-08
1.17 3.06521e-08
1.19 2.75211e-08
1.21 2.47052e-08
1.23 2.21731e-08
1.25 1.98969e-08
1.27 1.7851e-08
1.29 1.60127e-08
1.31 1.43613e-08
1.33 1.2878e-08
1.35 1.1546e-08
1.37 1.03501e-08
1.39 9.27668e-09
1.41 8.31334e-09
1.43 7.44895e-09
1.45 6.67349e-09
1.47 5.97795e-09
1.49 5.35418e-09
1.51 4.79488e-09
1.53 4.29347e-09
1.55 3.84402e-09
1.57 3.44122e-09
1.59 3.08027e-09
