0.01 4.35574e-06
0.03 4.2719e-06
0.05 4.1449e-06
0.07 3.99096e-06
0.09 3.81974e-06
0.11 3.63786e-06
0.13 3.45017e-06
0.15 3.26028e-06
0.17 3.07096e-06
0.19 2.88432e-06
0.21 2.70198e-06
0.23 2.52514e-06
0.25 2.35471e-06
0.27 2.19133e-06
0.29 2.03544e-06
0.31 1.8873e-06
0.33 1.74703e-06
0.35 1.61467e-06
0.37 1.49013e-06
0.39 1.37328e-06
0.41 1.26392e-06
0.43 1.1618e-06
0.45 1.06666e-06
0.47 9.78195e-07
0.49 8.96091e-07
0.51 8.20028e-07
0.53 7.49677e-07
0.55 6.84713e-07
0.57 6.24812e-07
0.59 5.69658e-07
0.61 5.18941e-07
0.63 4.72363e-07
0.65 4.29639e-07
0.67 3.90494e-07
0.69 3.54666e-07
0.71 3.2191e-07
0.73 2.91991e-07
0.75 2.64689e-07
0.77 2.39797e-07
0.79 2.17123e-07
0.81 1.96485e-07
0.83 1.77716e-07
0.85 1.60658e-07
0.87 1.45168e-07
0.89 1.3111e-07
0.91 1.1836e-07
0.93 1.06805e-07
0.95 9.63378e-08
0.97 8.68621e-08
0.99 7.82886e-08
1.01 7.05354e-08
1.03 6.35277e-08
1.05 5.71969e-08
1.07 5.14801e-08
1.09 4.63203e-08
1.11 4.1665e-08
1.13 3.74667e-08
1.15 3.36821e-08
1.17 3.02716e-08
1.19 2.71994e-08
1.21 2.44329e-08
1.23 2.19425e-08
1.25 1.97014e-08
1.27 1.76853e-08
1.29 1.58721e-08
1.31 1.42418e-08
1.33 1.27765e-08
1.35 1.14597e-08
1.37 1.02767e-08
1.39 9.21418e-09
1.41 8.2601e-09
1.43 7.40357e-09
1.45 6.6348e-09
1.47 5.94494e-09
1.49 5.326e-09
1.51 4.77082e-09
1.53 4.27291e-09
1.55 3.82645e-09
1.57 3.42619e-09
1.59 3.06741e-09
