0.01 0.00735988
0.03 0.000811534
0.05 0.000288395
0.07 0.000144731
0.09 8.5908e-05
0.11 5.63309e-05
0.13 3.94566e-05
0.15 2.89661e-05
0.17 2.20247e-05
0.19 1.72084e-05
0.21 1.37392e-05
0.23 1.11635e-05
0.25 9.20269e-06
0.27 7.67813e-06
0.29 6.47131e-06
0.31 5.50115e-06
0.33 4.71073e-06
0.35 4.05917e-06
0.37 3.51656e-06
0.39 3.06061e-06
0.41 2.67443e-06
0.43 2.34505e-06
0.45 2.06239e-06
0.47 1.81849e-06
0.49 1.60704e-06
0.51 1.42294e-06
0.53 1.26206e-06
0.55 1.121e-06
0.57 9.96961e-07
0.59 8.87619e-07
0.61 7.91014e-07
0.63 7.05496e-07
0.65 6.29663e-07
0.67 5.62317e-07
0.69 5.02431e-07
0.71 4.49117e-07
0.73 4.01608e-07
0.75 3.59234e-07
0.77 3.21414e-07
0.79 2.87636e-07
0.81 2.57452e-07
0.83 2.30466e-07
0.85 2.06331e-07
0.87 1.84738e-07
0.89 1.65414e-07
0.91 1.48117e-07
0.93 1.3263e-07
0.95 1.18764e-07
0.97 1.06346e-07
0.99 9.52238e-08
1.01 8.52625e-08
1.03 7.63401e-08
1.05 6.83482e-08
1.07 6.11897e-08
1.09 5.47777e-08
1.11 4.90346e-08
1.13 4.38906e-08
1.15 3.92836e-08
1.17 3.51576e-08
1.19 3.14626e-08
1.21 2.81539e-08
1.23 2.51912e-08
1.25 2.25386e-08
1.27 2.01637e-08
1.29 1.80377e-08
1.31 1.61346e-08
1.33 1.44312e-08
1.35 1.29067e-08
1.37 1.15423e-08
1.39 1.03214e-08
1.41 9.229e-09
1.43 8.2516e-09
1.45 7.37718e-09
1.47 6.59497e-09
1.49 5.89528e-09
1.51 5.26947e-09
1.53 4.70978e-09
1.55 4.20927e-09
1.57 3.7617e-09
1.59 3.36151e-09
