0.0555556 1.42788
0.111111 1.40198
0.166667 1.37816
0.222222 1.35632
0.277778 1.33637
0.333333 1.31823
0.388889 1.3018
0.444444 1.28703
0.5 1.27385
0.555556 1.26219
0.611111 1.252
0.666667 1.24324
0.722222 1.23584
0.777778 1.22977
0.833333 1.22499
0.888889 1.22144
0.944444 1.21911
1 1.21794
1.05556 1.2179
1.11111 1.21897
1.16667 1.2211
1.22222 1.22427
1.27778 1.22846
1.33333 1.23362
1.38889 1.23973
1.44444 1.24677
1.5 1.2547
1.55556 1.26351
1.61111 1.27317
1.66667 1.28365
1.72222 1.29493
1.77778 1.30699
1.83333 1.3198
1.88889 1.33334
1.94444 1.3476
2 1.36254
2.05556 1.37814
2.11111 1.39439
2.16667 1.41127
2.22222 1.42875
2.27778 1.44682
2.33333 1.46545
2.38889 1.48464
2.44444 1.50435
2.5 1.52457
2.55556 1.54529
2.61111 1.56648
2.66667 1.58813
2.72222 1.61022
2.77778 1.63274
2.83333 1.65567
2.88889 1.67899
2.94444 1.70269
3 1.72676
3.05556 1.75117
3.11111 1.77592
3.16667 1.80099
3.22222 1.82637
3.27778 1.85204
3.33333 1.87799
3.38889 1.90421
3.44444 1.93069
3.5 1.95741
3.55556 1.98437
3.61111 2.01155
3.66667 2.03894
3.72222 2.06653
3.77778 2.0943
3.83333 2.12226
3.88889 2.15039
3.94444 2.17868
4 2.20712
4.05556 2.23571
4.11111 2.26443
4.16667 2.29328
4.22222 2.32224
4.27778 2.35132
4.33333 2.3805
4.38889 2.40978
4.44444 2.43915
4.5 2.4686
4.55556 2.49812
4.61111 2.52772
4.66667 2.55739
4.72222 2.58711
4.77778 2.61689
4.83333 2.64672
4.88889 2.67659
4.94444 2.7065
5 2.73645
5.05556 2.76642
5.11111 2.79643
5.16667 2.82645
5.22222 2.8565
5.27778 2.88656
5.33333 2.91663
5.38889 2.94671
5.44444 2.97679
5.5 3.00688
5.55556 3.03697
5.61111 3.06706
5.66667 3.09714
5.72222 3.12721
5.77778 3.15727
5.83333 3.18732
5.88889 3.21736
5.94444 3.24738
6 3.27738
6.05556 3.30736
6.11111 3.33733
6.16667 3.36727
6.22222 3.39718
6.27778 3.42708
6.33333 3.45694
6.38889 3.48678
6.44444 3.51659
6.5 3.54637
6.55556 3.57613
6.61111 3.60585
6.66667 3.63554
6.72222 3.6652
6.77778 3.69482
6.83333 3.72442
6.88889 3.75398
6.94444 3.7835
7 3.81299
7.05556 3.84245
7.11111 3.87187
7.16667 3.90126
7.22222 3.93062
7.27778 3.95993
7.33333 3.98922
7.38889 4.01846
7.44444 4.04767
7.5 4.07685
7.55556 4.10599
7.61111 4.1351
7.66667 4.16417
7.72222 4.1932
7.77778 4.22221
7.83333 4.25117
7.88889 4.28011
7.94444 4.309
