0.0555556 1.42678
0.111111 1.39767
0.166667 1.36868
0.222222 1.33986
0.277778 1.31126
0.333333 1.28297
0.388889 1.25506
0.444444 1.22762
0.5 1.20074
0.555556 1.17452
0.611111 1.14905
0.666667 1.12442
0.722222 1.10072
0.777778 1.07803
0.833333 1.05643
0.888889 1.036
0.944444 1.01678
1 0.998841
1.05556 0.982223
1.11111 0.966963
1.16667 0.953092
1.22222 0.940632
1.27778 0.929596
1.33333 0.919994
1.38889 0.911825
1.44444 0.905086
1.5 0.899767
1.55556 0.895854
1.61111 0.893329
1.66667 0.892169
1.72222 0.89235
1.77778 0.893843
1.83333 0.89662
1.88889 0.900648
1.94444 0.905895
2 0.912326
2.05556 0.919907
2.11111 0.928602
2.16667 0.938375
2.22222 0.949191
2.27778 0.961013
2.33333 0.973807
2.38889 0.987537
2.44444 1.00217
2.5 1.01767
2.55556 1.034
2.61111 1.05113
2.66667 1.06903
2.72222 1.08767
2.77778 1.10702
2.83333 1.12704
2.88889 1.14771
2.94444 1.169
3 1.19089
3.05556 1.21334
3.11111 1.23633
3.16667 1.25984
3.22222 1.28384
3.27778 1.3083
3.33333 1.33322
3.38889 1.35856
3.44444 1.38431
3.5 1.41044
3.55556 1.43694
3.61111 1.46378
3.66667 1.49095
3.72222 1.51844
3.77778 1.54621
3.83333 1.57427
3.88889 1.6026
3.94444 1.63117
4 1.65998
4.05556 1.689
4.11111 1.71824
4.16667 1.74768
4.22222 1.77729
4.27778 1.80708
4.33333 1.83704
4.38889 1.86714
4.44444 1.89738
4.5 1.92776
4.55556 1.95826
4.61111 1.98887
4.66667 2.01958
4.72222 2.05039
4.77778 2.08129
4.83333 2.11228
4.88889 2.14333
4.94444 2.17445
5 2.20564
5.05556 2.23688
5.11111 2.26817
5.16667 2.2995
5.22222 2.33087
5.27778 2.36227
5.33333 2.3937
5.38889 2.42516
5.44444 2.45663
5.5 2.48812
5.55556 2.51962
5.61111 2.55113
5.66667 2.58264
5.72222 2.61416
5.77778 2.64567
5.83333 2.67718
5.88889 2.70867
5.94444 2.74016
6 2.77164
6.05556 2.8031
6.11111 2.83454
6.16667 2.86596
6.22222 2.89736
6.27778 2.92874
6.33333 2.9601
6.38889 2.99142
6.44444 3.02272
6.5 3.05399
6.55556 3.08523
6.61111 3.11644
6.66667 3.14761
6.72222 3.17875
6.77778 3.20986
6.83333 3.24093
6.88889 3.27196
6.94444 3.30296
7 3.33392
7.05556 3.36484
7.11111 3.39573
7.16667 3.42657
7.22222 3.45738
7.27778 3.48815
7.33333 3.51887
7.38889 3.54956
7.44444 3.5802
7.5 3.61081
7.55556 3.64138
7.61111 3.6719
7.66667 3.70239
7.72222 3.73283
7.77778 3.76323
7.83333 3.7936
7.88889 3.82392
7.94444 3.85421
